0.30	-11.762595	38.926766	-11.242195	31.280169
0.92	24.964325	11.862750	22.817413	8.622086
1.55	17.160159	5.920433	17.009743	2.989633
2.17	16.093394	3.938296	16.067249	1.126011
2.80	15.738457	3.457611	15.808112	0.894338
3.42	15.890428	3.366914	15.611906	0.819871
4.05	16.737910	3.400971	16.278299	0.844297
4.67	16.904541	3.400355	16.650819	0.886533
5.30	17.357742	3.420913	16.879357	0.949395
5.92	16.679010	3.459242	16.370357	0.948315
6.55	16.645117	3.463865	16.473018	0.984184
7.17	17.161260	3.497842	16.826061	1.019032
7.80	17.073193	3.466928	16.728942	0.992223
8.42	16.806911	3.500477	16.424121	1.023077
9.05	16.892254	3.512329	16.917527	1.045115
9.67	17.557200	3.529863	17.071441	1.044996
10.30	17.605503	3.540365	17.330566	1.071567
10.92	17.189708	3.542649	17.198812	1.071188
11.55	17.748229	3.544836	17.550665	1.066182
12.17	17.277841	3.559569	17.344591	1.088278
12.80	17.540312	3.559276	17.373354	1.087404
13.42	17.795261	3.562382	17.747576	1.091839
14.05	17.930266	3.567190	18.079022	1.099913
14.67	17.676279	3.569410	17.804565	1.106851
15.30	17.993132	3.562263	17.854181	1.102564
15.92	17.504619	3.571408	17.691655	1.108626
16.55	17.718265	3.567759	18.139341	1.107516
17.17	17.517510	3.564689	17.921691	1.107170
17.79	17.547818	3.569095	17.668395	1.109537
18.42	17.462033	3.563164	17.472170	1.108647
19.04	17.492961	3.567812	17.332308	1.108022
19.67	17.011631	3.566048	17.282814	1.104989
20.29	17.367668	3.559506	17.392140	1.090288
20.92	17.037316	3.560198	17.193442	1.102490
21.54	16.982169	3.585410	16.999823	1.109855
22.17	16.462397	3.568865	16.764822	1.100889
22.79	17.018418	3.570902	17.078047	1.100513
23.42	16.546422	3.572473	16.814947	1.109046
24.04	16.694956	3.571102	17.127087	1.099626
24.67	16.898995	3.575274	17.327406	1.101673
25.29	16.542340	3.568335	17.235084	1.094698
25.92	16.432711	3.569637	17.135020	1.102040
26.54	16.581110	3.563870	17.174419	1.099812
27.17	16.589711	3.570531	17.339572	1.104112
27.79	16.363099	3.573010	17.502810	1.103799
28.42	16.573415	3.574448	17.249594	1.104653
29.04	16.104069	3.570107	16.984492	1.101190
29.67	16.249835	3.572942	17.397931	1.095668
30.29	15.899068	3.572269	17.282108	1.104030
30.92	16.369754	3.570810	17.403678	1.104508
31.54	16.252787	3.568826	17.027799	1.106947
32.17	16.008668	3.572423	16.947957	1.101936
32.79	15.800545	3.574585	16.857514	1.104621
33.42	15.522093	3.571798	16.640812	1.105035
34.04	15.533499	3.571392	16.689771	1.102479
34.66	15.252652	3.571736	16.456264	1.099661
35.29	15.388948	3.573734	16.499136	1.098822
35.91	14.989359	3.571318	16.009823	1.095035
36.54	14.880348	3.569407	16.214474	1.093654
37.16	14.768972	3.568502	16.130343	1.091294
37.79	14.644269	3.564387	15.714294	1.089366
38.41	14.281510	3.570501	15.588933	1.094176
39.04	14.025782	3.566907	15.518063	1.089411
39.66	13.723212	3.569807	15.078711	1.088958
40.29	13.806237	3.565533	15.212363	1.084887
40.91	13.610081	3.560473	15.142504	1.082249
41.54	13.399944	3.560346	15.025249	1.082552
42.16	13.300403	3.558151	14.745299	1.081045
42.79	13.015535	3.560574	14.603982	1.078759
43.41	13.055536	3.553399	14.706364	1.076137
44.04	12.846260	3.556183	14.307431	1.072981
44.66	12.440149	3.553791	13.807363	1.070567
45.29	12.298365	3.552393	13.647811	1.065936
45.91	11.971540	3.544674	13.285780	1.064451
46.54	11.767588	3.542126	13.050517	1.060560
47.16	11.598337	3.542543	12.847580	1.059866
47.79	11.340068	3.538923	12.587497	1.054411
48.41	11.017322	3.537540	12.270077	1.052897
49.04	11.127583	3.537424	12.422533	1.047735
49.66	10.899730	3.535192	12.221530	1.044915
50.29	10.818331	3.530792	12.078008	1.044227
50.91	10.476377	3.529444	11.655071	1.039155
51.53	10.441951	3.526729	11.772568	1.036216
52.16	10.214040	3.526932	11.524397	1.033507
52.78	9.912428	3.528507	11.334780	1.031953
53.41	9.964359	3.523022	11.414581	1.033150
54.03	9.780469	3.520384	11.081675	1.029885
54.66	9.443023	3.522025	10.904541	1.027334
55.28	9.469995	3.518031	10.775353	1.025697
55.91	9.342380	3.515193	10.720374	1.020206
56.53	9.224664	3.517176	10.603866	1.023436
57.16	8.998632	3.513217	10.301721	1.019192
57.78	8.889666	3.513965	10.266203	1.019996
58.41	8.698672	3.514181	9.994437	1.016995
59.03	8.572945	3.514131	9.767884	1.012318
59.66	8.372102	3.510533	9.551807	1.015178
60.28	8.189551	3.510162	9.376947	1.010206
60.91	8.078628	3.506729	9.278568	1.008557
61.53	7.928684	3.504773	9.126212	1.002586
62.16	7.875009	3.505012	9.045068	1.005066
62.78	7.722274	3.502791	8.827656	1.000143
63.41	7.560410	3.503758	8.625402	0.998018
64.03	7.526322	3.497597	8.638309	0.995879
64.66	7.325927	3.497959	8.363169	0.990900
65.28	7.177574	3.497370	8.321564	0.989064
65.91	7.114110	3.495292	8.274258	0.987325
66.53	7.062723	3.495819	8.220609	0.984605
67.15	6.900527	3.491073	8.038059	0.980421
67.78	6.834042	3.492472	7.952515	0.982366
68.40	6.780308	3.490554	7.938131	0.981795
69.03	6.622088	3.489244	8.056404	0.973349
69.65	6.569258	3.488747	7.612447	0.977199
70.28	6.454318	3.486607	7.564884	0.975180
70.90	6.400206	3.482780	7.514858	0.971105
71.53	6.282949	3.482931	7.358990	0.969695
72.15	6.205812	3.479507	7.266994	0.967964
72.78	6.162070	3.476884	7.227747	0.964369
73.40	6.047222	3.477402	7.066695	0.962966
74.03	5.948910	3.474281	7.012071	0.961582
74.65	5.817406	3.476308	6.859711	0.961315
75.28	5.795822	3.471608	6.749815	0.954318
75.90	5.713363	3.467712	6.689435	0.952940
76.53	5.623932	3.469183	6.579682	0.950713
77.15	5.560829	3.464172	6.490236	0.947261
77.78	5.465166	3.462942	6.394981	0.943443
78.40	5.384749	3.460694	6.321848	0.941054
79.03	5.298311	3.458993	6.199918	0.938953
79.65	5.245901	3.458624	6.189596	0.936045
80.28	5.193822	3.454815	6.112945	0.930287
80.90	5.131593	3.452554	6.040280	0.929850
81.53	5.026934	3.449148	5.923830	0.926188
82.15	4.949194	3.450050	5.843168	0.921858
82.78	4.889489	3.447601	5.798720	0.922668
83.40	4.848756	3.446229	5.740109	0.921797
84.02	4.795443	3.443355	5.725075	0.919425
84.65	4.721167	3.441362	5.631891	0.916770
85.27	4.684065	3.438834	5.580456	0.912916
85.90	4.607677	3.437398	5.481105	0.912270
86.52	4.568159	3.437985	5.419884	0.908301
87.15	4.500815	3.435591	5.359430	0.908657
87.77	4.439102	3.433068	5.292758	0.905842
88.40	4.390616	3.431522	5.228081	0.903505
89.02	4.329265	3.426872	5.180550	0.898968
89.65	4.291834	3.426669	5.129000	0.896919
90.27	4.223128	3.426214	5.039317	0.894166
90.90	4.170365	3.422129	4.966581	0.890868
91.52	4.127281	3.423815	4.911453	0.887551
92.15	4.110312	3.417593	4.905077	0.885595
92.77	4.053453	3.416140	4.844407	0.884427
93.40	3.998882	3.419816	4.791406	0.883639
94.02	3.961023	3.412022	4.741102	0.878177
94.65	3.916021	3.408978	4.694998	0.877085
95.27	3.845106	3.406614	4.636798	0.871844
95.90	3.793518	3.403422	4.591333	0.869975
96.52	3.751396	3.404438	4.531723	0.868396
97.15	3.727845	3.401256	4.524389	0.867275
97.77	3.692773	3.397820	4.484285	0.863857
98.40	3.635817	3.396631	4.405237	0.862398
99.02	3.600587	3.394719	4.361653	0.860739
99.65	3.579995	3.391044	4.313713	0.855952
100.27	3.537738	3.392167	4.286893	0.858392
100.89	3.490653	3.387211	4.255490	0.854104
101.52	3.461521	3.387873	4.212651	0.853954
102.14	3.443390	3.385448	4.174154	0.850745
102.77	3.413429	3.384571	4.148597	0.848852
103.39	3.359671	3.381293	4.089639	0.845406
104.02	3.331142	3.379146	4.062385	0.841262
104.64	3.299441	3.376889	4.029163	0.839568
105.27	3.259900	3.375579	3.987446	0.839192
105.89	3.224982	3.372129	3.949931	0.835446
106.52	3.206390	3.370967	3.930712	0.834368
107.14	3.178476	3.370198	3.905281	0.833675
107.77	3.152960	3.367921	3.884091	0.831258
108.39	3.123863	3.367395	3.862010	0.829647
109.02	3.097932	3.364844	3.839516	0.828032
109.64	3.079390	3.362374	3.802702	0.825654
110.27	3.050599	3.359706	3.765767	0.821689
110.89	3.013144	3.357884	3.740917	0.820165
111.52	2.983917	3.356600	3.719068	0.818801
112.14	2.962394	3.353934	3.695074	0.816910
112.77	2.946761	3.351420	3.668969	0.814781
113.39	2.924356	3.349863	3.648335	0.813232
114.02	2.893849	3.348823	3.621373	0.812805
114.64	2.858299	3.346909	3.579697	0.810987
115.27	2.832422	3.345337	3.546617	0.808363
115.89	2.812588	3.343015	3.510209	0.807075
116.52	2.778555	3.341335	3.483182	0.805616
117.14	2.756351	3.340059	3.462854	0.804177
117.76	2.742779	3.338528	3.445740	0.802443
118.39	2.724057	3.336427	3.413112	0.799933
119.01	2.688116	3.333319	3.399090	0.797333
119.64	2.664238	3.333017	3.383810	0.797448
120.26	2.651359	3.332164	3.365821	0.794619
120.89	2.624305	3.329491	3.336442	0.793638
121.51	2.609828	3.326544	3.308265	0.790372
122.14	2.585035	3.323969	3.276556	0.788409
122.76	2.556573	3.322933	3.255593	0.788347
123.39	2.545161	3.321422	3.244037	0.787311
124.01	2.515727	3.320231	3.219134	0.787404
124.64	2.503658	3.319921	3.213715	0.786763
125.26	2.486032	3.318473	3.195164	0.785629
125.89	2.462887	3.313633	3.172711	0.781035
126.51	2.447566	3.312914	3.162662	0.782690
127.14	2.429261	3.310838	3.131674	0.781613
127.76	2.405054	3.311517	3.103620	0.781697
128.39	2.384837	3.312698	3.100935	0.782300
129.01	2.370604	3.308580	3.086409	0.778695
129.64	2.354351	3.305479	3.053696	0.777901
130.26	2.335622	3.304761	3.035809	0.776510
130.89	2.323579	3.303377	3.027433	0.775889
131.51	2.311131	3.302294	3.021173	0.774372
132.14	2.293217	3.299701	3.001570	0.772719
132.76	2.268965	3.298229	2.962609	0.772671
133.39	2.261928	3.295103	2.972118	0.769657
134.01	2.237796	3.294248	2.939987	0.770254
134.63	2.229423	3.292039	2.933645	0.767795
135.26	2.208048	3.291819	2.897778	0.767859
135.88	2.192083	3.290317	2.889231	0.767658
136.51	2.166576	3.288655	2.860147	0.766114
137.13	2.158429	3.288217	2.847330	0.766179
137.76	2.141176	3.286930	2.840840	0.764626
138.38	2.122131	3.283334	2.825373	0.762373
139.01	2.118508	3.282421	2.819522	0.763374
139.63	2.094749	3.281547	2.798913	0.761557
140.26	2.084810	3.280003	2.789152	0.761322
140.88	2.067777	3.278152	2.765961	0.760133
141.51	2.058314	3.278666	2.761061	0.761101
142.13	2.029768	3.274250	2.720749	0.760002
142.76	2.021051	3.273133	2.715452	0.759002
143.38	2.010578	3.272517	2.696973	0.758170
144.01	1.993953	3.271184	2.679161	0.757192
144.63	1.981731	3.269792	2.665805	0.755922
145.26	1.973304	3.268318	2.654899	0.754697
145.88	1.959092	3.266125	2.634020	0.755292
146.51	1.944907	3.266471	2.622160	0.756446
147.13	1.930270	3.266400	2.610394	0.756306
147.76	1.915117	3.264600	2.594899	0.754055
148.38	1.905618	3.262865	2.581857	0.753366
149.01	1.891844	3.261765	2.563991	0.752309
149.63	1.876941	3.261068	2.545444	0.751758
150.25	1.864537	3.260531	2.531368	0.752926
150.88	1.851162	3.259421	2.520219	0.751953
151.50	1.841264	3.257102	2.510638	0.750185
152.13	1.833651	3.254451	2.502249	0.748484
152.75	1.822925	3.254853	2.494334	0.749479
153.38	1.812030	3.253707	2.478945	0.748155
154.00	1.799043	3.252379	2.462766	0.747281
154.63	1.783832	3.251401	2.448096	0.747767
155.25	1.775423	3.251847	2.436725	0.748344
155.88	1.761952	3.250705	2.425395	0.748140
156.50	1.749032	3.249179	2.413041	0.747770
157.13	1.742032	3.248380	2.398510	0.747806
157.75	1.729444	3.246122	2.385745	0.746478
158.38	1.718377	3.245214	2.370049	0.746512
159.00	1.708481	3.245050	2.354131	0.746915
159.63	1.697870	3.243586	2.345813	0.744543
160.25	1.680170	3.243745	2.320780	0.745042
160.88	1.668075	3.243061	2.303635	0.744821
161.50	1.663105	3.241063	2.298041	0.743080
162.13	1.648435	3.239745	2.279131	0.741459
162.75	1.636431	3.239425	2.261087	0.741796
163.38	1.625413	3.238731	2.246329	0.742005
164.00	1.614302	3.236586	2.237077	0.740508
164.63	1.603867	3.235874	2.225559	0.740478
165.25	1.592590	3.236253	2.211084	0.740341
165.88	1.581049	3.236482	2.196400	0.739748
166.50	1.570424	3.233890	2.187057	0.737961
167.12	1.560709	3.233036	2.172960	0.736789
167.75	1.549991	3.232503	2.160173	0.736693
168.37	1.538180	3.231882	2.148571	0.737459
169.00	1.527037	3.230339	2.130092	0.737006
169.62	1.518812	3.229670	2.117261	0.736428
170.25	1.509279	3.229612	2.104987	0.736234
170.87	1.496022	3.230068	2.090574	0.736751
171.50	1.487862	3.227832	2.073968	0.733925
172.12	1.478889	3.226657	2.063016	0.733141
172.75	1.469619	3.226427	2.054862	0.733403
173.37	1.460788	3.227119	2.045391	0.733263
174.00	1.450994	3.225965	2.026493	0.732151
174.62	1.441614	3.225199	2.015556	0.731025
175.25	1.433173	3.225014	2.011722	0.730188
175.87	1.427463	3.224835	2.000838	0.730410
176.50	1.417445	3.223515	1.988255	0.729822
177.12	1.407189	3.222427	1.976856	0.729188
177.75	1.398478	3.222162	1.967905	0.728826
178.37	1.392889	3.221776	1.959196	0.728349
179.00	1.385278	3.221870	1.952767	0.727646
179.62	1.376634	3.221738	1.946718	0.726727
180.25	1.367964	3.220437	1.938728	0.725567
180.87	1.359890	3.220792	1.927260	0.725799
181.50	1.352306	3.221130	1.918708	0.725793
182.12	1.345230	3.221095	1.912394	0.725581
182.75	1.338861	3.219947	1.904246	0.725808
183.37	1.333915	3.218353	1.896140	0.723477
183.99	1.328065	3.218119	1.888068	0.722150
184.62	1.320456	3.219612	1.880040	0.722888
185.24	1.310807	3.218004	1.872263	0.722542
185.87	1.303736	3.218279	1.860974	0.722094
186.49	1.297472	3.218730	1.849719	0.721506
187.12	1.290475	3.217727	1.841784	0.720716
187.74	1.281203	3.218066	1.829866	0.719622
188.37	1.273335	3.217854	1.821447	0.718639
188.99	1.266332	3.217274	1.815178	0.717901
189.62	1.258421	3.217047	1.806790	0.717721
190.24	1.250507	3.215881	1.794513	0.717422
190.87	1.244093	3.214958	1.785821	0.716359
191.49	1.239134	3.214555	1.781820	0.714615
192.12	1.231541	3.214277	1.774694	0.714693
192.74	1.224688	3.214259	1.766208	0.713866
193.37	1.216975	3.213927	1.757449	0.712619
193.99	1.207146	3.212801	1.749152	0.711251
194.62	1.199309	3.213491	1.740865	0.711975
195.24	1.192672	3.213249	1.733885	0.711751
195.87	1.186817	3.212694	1.728096	0.711040
196.49	1.181093	3.213216	1.723422	0.710865
197.12	1.175948	3.212262	1.713565	0.710786
197.74	1.169425	3.211749	1.703822	0.710883
198.37	1.161404	3.211950	1.695024	0.711146
198.99	1.154212	3.212146	1.689010	0.709964
199.62	1.147167	3.212377	1.683348	0.708600
200.24	1.141229	3.212549	1.672154	0.708411
200.86	1.135330	3.212733	1.661610	0.708219
201.49	1.129465	3.212753	1.657103	0.707866
202.11	1.123383	3.212729	1.651870	0.707509
202.74	1.116309	3.212416	1.643391	0.707106
203.36	1.109610	3.212178	1.635191	0.706646
203.99	1.103729	3.212065	1.627490	0.706036
204.61	1.098351	3.212219	1.621543	0.705702
205.24	1.093698	3.212753	1.618160	0.705766
205.86	1.088030	3.213094	1.612956	0.705722
206.49	1.081380	3.213246	1.605977	0.705572
207.11	1.075390	3.213282	1.598623	0.705062
207.74	1.069833	3.213256	1.591056	0.704327
208.36	1.064387	3.213400	1.584950	0.704358
208.99	1.059000	3.213630	1.579467	0.704712
209.61	1.053026	3.213236	1.571867	0.704506
210.24	1.046948	3.212717	1.563816	0.704186
210.86	1.041071	3.213486	1.560015	0.703635
211.49	1.035259	3.214388	1.556528	0.703099
212.11	1.031068	3.214308	1.549921	0.703568
212.74	1.026813	3.214285	1.543742	0.703948
213.36	1.022013	3.214489	1.540815	0.703590
213.99	1.017205	3.214536	1.537765	0.703333
214.61	1.012343	3.213991	1.534398	0.703427
215.24	1.008036	3.213907	1.530625	0.703455
215.86	1.004849	3.214744	1.526002	0.703347
216.49	1.000614	3.214831	1.521065	0.703116
217.11	0.994999	3.213909	1.515691	0.702721
217.73	0.990187	3.213598	1.511450	0.702881
218.36	0.986067	3.213827	1.508172	0.703532
218.98	0.981483	3.214129	1.501877	0.703269
219.61	0.976651	3.214484	1.493868	0.702494
220.23	0.972176	3.214816	1.490670	0.702142
220.86	0.967835	3.215155	1.489157	0.701950
221.48	0.962694	3.214866	1.483312	0.702541
222.11	0.957433	3.214473	1.476684	0.703290
222.73	0.954128	3.214071	1.471434	0.702330
223.36	0.950838	3.213664	1.466334	0.701334
223.98	0.945344	3.212762	1.462049	0.701326
224.61	0.940063	3.212237	1.457558	0.701440
225.23	0.935797	3.213755	1.451849	0.702153
225.86	0.931501	3.214550	1.446290	0.702692
226.48	0.927074	3.213144	1.441185	0.702670
227.11	0.922868	3.212515	1.435662	0.702434
227.73	0.919038	3.213281	1.429413	0.701805
228.36	0.914773	3.213007	1.423645	0.701418
228.98	0.910004	3.211499	1.418455	0.701306
229.61	0.905678	3.211027	1.413271	0.701126
230.23	0.901702	3.211367	1.408124	0.700900
230.86	0.897294	3.211928	1.403182	0.701104
231.48	0.892680	3.212614	1.398351	0.701538
232.11	0.889482	3.212016	1.393973	0.701154
232.73	0.886715	3.211045	1.389730	0.700539
233.36	0.881543	3.209773	1.384066	0.700332
233.98	0.876060	3.208476	1.378200	0.700202
234.60	0.872713	3.208984	1.373558	0.700299
235.23	0.869332	3.209456	1.368823	0.700388
235.85	0.864716	3.208698	1.362542	0.700161
236.48	0.860346	3.208074	1.356350	0.699963
237.10	0.856960	3.207954	1.350420	0.699830
237.73	0.853206	3.207670	1.344622	0.699706
238.35	0.848499	3.206936	1.339071	0.699591
238.98	0.844503	3.206178	1.334041	0.699628
239.60	0.841605	3.205365	1.329807	0.699896
240.23	0.838059	3.204754	1.324853	0.699972
240.85	0.833848	3.204353	1.319162	0.699840
241.48	0.830050	3.203821	1.313861	0.699344
242.10	0.826538	3.203208	1.308839	0.698595
242.73	0.823168	3.202033	1.304181	0.698377
243.35	0.819867	3.200619	1.299711	0.698387
243.98	0.816852	3.200509	1.295173	0.698549
244.60	0.813921	3.200747	1.290662	0.698753
245.23	0.810257	3.200303	1.285798	0.698582
245.85	0.806531	3.199804	1.280922	0.698381
246.48	0.803188	3.198915	1.275912	0.697754
247.10	0.799850	3.198047	1.270959	0.697229
247.73	0.796436	3.197205	1.266345	0.697449
248.35	0.793095	3.196381	1.261836	0.697473
248.98	0.789979	3.195560	1.257733	0.696703
249.60	0.787124	3.194818	1.253913	0.696244
250.23	0.784826	3.194231	1.250712	0.696454
250.85	0.782071	3.193658	1.246743	0.696391
251.47	0.778678	3.193096	1.241707	0.695942
252.10	0.775778	3.192709	1.237820	0.695974
252.72	0.773331	3.192489	1.234976	0.696453
253.35	0.770470	3.191819	1.231201	0.696277
253.97	0.767360	3.190881	1.226851	0.695702
254.60	0.764857	3.189977	1.223736	0.695506
255.22	0.762587	3.189096	1.221076	0.695452
255.85	0.759516	3.188594	1.217230	0.695283
256.47	0.756289	3.188185	1.213146	0.695086
257.10	0.753562	3.186345	1.207628	0.694563
257.72	0.750906	3.184453	1.202143	0.694020
258.35	0.748946	3.183703	1.199302	0.693653
258.97	0.746822	3.182976	1.196226	0.693224
259.60	0.743650	3.182325	1.191513	0.692385
260.22	0.740538	3.181504	1.186862	0.691646
260.85	0.737585	3.180100	1.182316	0.691202
261.47	0.734788	3.178722	1.178080	0.690354
262.10	0.732281	3.177380	1.174424	0.688719
262.72	0.729743	3.175797	1.169315	0.687350
263.35	0.727165	3.173908	1.162441	0.686311
263.97	0.724439	3.172545	1.159860	0.685478
264.60	0.721593	3.171616	1.160799	0.684813
265.22	0.719228	3.170049	1.157783	0.684108
265.85	0.717119	3.168144	1.152662	0.683387
266.47	0.714554	3.166205	1.148620	0.682353
267.09	0.711846	3.164261	1.144930	0.681225
267.72	0.708994	3.162861	1.140019	0.679886
268.34	0.706125	3.161564	1.134911	0.678519
268.97	0.703366	3.159588	1.131672	0.676916
269.59	0.700585	3.157621	1.128271	0.675336
270.22	0.697319	3.156111	1.121478	0.674214
270.84	0.694172	3.154386	1.115319	0.672933
271.47	0.691559	3.151535	1.112052	0.670872
272.09	0.689047	3.149059	1.108556	0.669119
272.72	0.686801	3.147590	1.104400	0.668210
273.34	0.684331	3.145772	1.100280	0.667166
273.97	0.681483	3.143356	1.096182	0.665897
274.59	0.678681	3.141023	1.092129	0.664484
275.22	0.676089	3.139131	1.088204	0.662203
275.84	0.673503	3.137247	1.084286	0.659939
276.47	0.670912	3.135126	1.081048	0.657922
277.09	0.668318	3.132792	1.078418	0.656123
277.72	0.665732	3.130461	1.075789	0.654333
278.34	0.663138	3.127876	1.071602	0.652577
278.97	0.660551	3.125268	1.067271	0.650834
279.59	0.657995	3.122881	1.063009	0.649099
280.22	0.655501	3.121065	1.058874	0.647370
280.84	0.653014	3.119249	1.054754	0.645652
281.47	0.650452	3.117217	1.051186	0.643820
282.09	0.647856	3.115069	1.047902	0.641927
282.72	0.645265	3.112903	1.044554	0.640037
283.34	0.642573	3.110137	1.039203	0.638040
283.96	0.639895	3.107376	1.033891	0.636045
284.59	0.637493	3.104738	1.029923	0.634031
285.21	0.635485	3.102275	1.027896	0.631988
285.84	0.633480	3.099814	1.025883	0.629942
286.46	0.630975	3.097377	1.022335	0.627859
287.09	0.628339	3.094950	1.018383	0.625772
287.71	0.625809	3.092529	1.014768	0.623623
288.34	0.623786	3.090119	1.012807	0.621106
288.96	0.621769	3.087712	1.010843	0.618604
289.59	0.619408	3.085283	1.007604	0.616418
290.21	0.616753	3.082836	1.003262	0.614508
290.84	0.614113	3.080390	0.998940	0.612610
291.46	0.611709	3.078331	0.996145	0.610987
292.09	0.609338	3.076314	0.993511	0.609399
292.71	0.607152	3.073885	0.991027	0.607607
293.34	0.605416	3.070418	0.988910	0.605290
293.96	0.603684	3.066960	0.986798	0.602985
294.59	0.601731	3.064551	0.984187	0.600946
295.21	0.599668	3.062682	0.981320	0.599046
295.84	0.597605	3.060791	0.978465	0.597160
296.46	0.595389	3.058215	0.975873	0.595423
297.09	0.593183	3.055646	0.973275	0.593690
297.71	0.590578	3.053321	0.971006	0.591875
298.34	0.587409	3.051350	0.969215	0.589937
298.96	0.584264	3.049393	0.967428	0.587996
299.59	0.582808	3.047316	0.965394	0.586235
300.21	0.581800	3.045188	0.963306	0.584523
300.83	0.580710	3.042870	0.961250	0.582739
301.46	0.579235	3.039672	0.959288	0.580590
302.08	0.577764	3.036483	0.957333	0.578453
302.71	0.575875	3.033998	0.955197	0.576589
303.33	0.573634	3.032115	0.952899	0.574961
303.96	0.571405	3.030238	0.950599	0.573345
304.58	0.569346	3.027320	0.948405	0.571189
305.21	0.567312	3.024313	0.946223	0.568992
305.83	0.565446	3.021734	0.944298	0.567161
306.46	0.563972	3.020184	0.942997	0.566206
307.08	0.562500	3.018641	0.941693	0.565250
307.71	0.560717	3.016394	0.939979	0.563566
308.33	0.558785	3.013802	0.938056	0.561526
308.96	0.556860	3.011228	0.936143	0.559507
309.58	0.554902	3.008859	0.934567	0.557799
310.21	0.552952	3.006497	0.932981	0.556097
310.83	0.551137	3.003841	0.931101	0.554304
311.46	0.549508	3.000776	0.928823	0.552378
312.08	0.547884	2.997722	0.926545	0.550453
312.71	0.546197	2.996055	0.925140	0.549117
313.33	0.544497	2.994749	0.923969	0.547929
313.96	0.542742	2.993138	0.922616	0.546590
314.58	0.540702	2.990027	0.920358	0.544535
315.21	0.538674	2.986926	0.918115	0.542486
315.83	0.536910	2.984414	0.916087	0.540707
316.46	0.535363	2.982389	0.914231	0.539154
317.08	0.533820	2.980373	0.912378	0.537611
317.70	0.532148	2.977763	0.910926	0.535877
318.33	0.530470	2.975112	0.909502	0.534137
318.95	0.528759	2.972490	0.907936	0.532544
319.58	0.526962	2.969924	0.906050	0.531283
320.20	0.525173	2.967367	0.904167	0.530029
320.83	0.523620	2.964959	0.902808	0.528635
321.45	0.522181	2.962625	0.901704	0.527179
322.08	0.520728	2.960306	0.900548	0.525728
322.70	0.518925	2.958149	0.898412	0.524231
323.33	0.517131	2.955999	0.896278	0.522742
323.95	0.515536	2.953801	0.894533	0.521311
324.58	0.514207	2.951535	0.893306	0.519951
325.20	0.512881	2.949276	0.892073	0.518596
325.83	0.511316	2.947468	0.890280	0.517415
326.45	0.509697	2.945774	0.888352	0.516275
327.08	0.508079	2.943982	0.886440	0.515201
327.70	0.506445	2.941711	0.884591	0.514444
328.33	0.504818	2.939445	0.882754	0.513685
328.95	0.503406	2.937338	0.881116	0.512715
329.58	0.502165	2.935361	0.879638	0.511580
330.20	0.500929	2.933389	0.878165	0.510451
330.83	0.499140	2.931211	0.876328	0.509576
331.45	0.497318	2.929019	0.874464	0.508727
332.08	0.495713	2.926974	0.872737	0.508018
332.70	0.494589	2.925260	0.871321	0.507618
333.33	0.493467	2.923550	0.869905	0.507223
333.95	0.492046	2.921793	0.868315	0.506338
334.57	0.490488	2.920015	0.866649	0.505225
335.20	0.488934	2.918247	0.864991	0.504161
335.82	0.487360	2.916587	0.863416	0.503811
336.45	0.485791	2.914927	0.861842	0.503466
337.07	0.484415	2.913329	0.860127	0.503234
337.70	0.483286	2.911811	0.858225	0.503148
338.32	0.482162	2.910295	0.856324	0.503067
338.95	0.480823	2.908321	0.854740	0.502577
339.57	0.479437	2.906240	0.853229	0.501987
340.20	0.478010	2.904276	0.851566	0.501372
340.82	0.476384	2.902834	0.849246	0.500649
341.45	0.474767	2.901389	0.846940	0.499923
342.07	0.473443	2.899880	0.845151	0.499824
342.70	0.472349	2.898319	0.843770	0.500216
343.32	0.471258	2.896759	0.842399	0.500606
343.95	0.469960	2.895444	0.840603	0.500459
344.57	0.468652	2.894145	0.838783	0.500281
345.20	0.467349	2.892787	0.836960	0.500155
345.82	0.466050	2.891299	0.835126	0.500139
346.45	0.464755	2.889808	0.833295	0.500127
347.07	0.463529	2.888775	0.831314	0.500153
347.70	0.462336	2.887949	0.829271	0.500198
348.32	0.461137	2.887086	0.827266	0.500255
348.95	0.459796	2.885726	0.825714	0.500429
349.57	0.458460	2.884364	0.824166	0.500605
350.19	0.457379	2.883258	0.822691	0.500935
350.82	0.456618	2.882480	0.821302	0.501461
351.44	0.455859	2.881697	0.819915	0.501990
352.07	0.454524	2.880323	0.818094	0.502357
352.69	0.453064	2.878812	0.816173	0.502685
353.32	0.451710	2.877386	0.814295	0.503032
353.94	0.450775	2.876320	0.812607	0.503464
354.57	0.449843	2.875252	0.810925	0.503891
355.19	0.448739	2.874304	0.808762	0.504379
355.82	0.447505	2.873449	0.806242	0.504913
356.44	0.446278	2.872591	0.803739	0.505441
357.07	0.445229	2.872074	0.802229	0.505839
357.69	0.444197	2.871574	0.800785	0.506231
358.32	0.443246	2.870934	0.799267	0.506544
358.94	0.442463	2.869995	0.797577	0.506692
359.57	0.441683	2.869051	0.795886	0.506847
360.19	0.440567	2.867590	0.793724	0.506982
360.82	0.439308	2.865904	0.791362	0.507111
361.44	0.438091	2.864249	0.789099	0.507256
362.07	0.437346	2.863010	0.788040	0.507560
362.69	0.436603	2.861769	0.786983	0.507867
363.32	0.435651	2.860602	0.785583	0.508283
363.94	0.434441	2.859525	0.783758	0.508836
364.57	0.433238	2.858446	0.781942	0.509389
365.19	0.432400	2.857508	0.779873	0.509863
365.82	0.431644	2.856600	0.777754	0.510321
366.44	0.430827	2.855612	0.775642	0.510674
367.06	0.429758	2.854298	0.773544	0.510592
367.69	0.428694	2.852982	0.771450	0.510509
368.31	0.427819	2.851910	0.769519	0.510651
368.94	0.427083	2.851018	0.767714	0.510955
369.56	0.426352	2.850125	0.765919	0.511252
370.19	0.425381	2.848760	0.764057	0.511586
370.81	0.424403	2.847371	0.762203	0.511919
371.44	0.423478	2.846178	0.760298	0.512149
372.06	0.422657	2.845392	0.758271	0.512175
372.69	0.421841	2.844606	0.756257	0.512206
373.31	0.420963	2.843288	0.754018	0.512402
373.94	0.420062	2.841746	0.751687	0.512673
374.56	0.419151	2.840232	0.749429	0.512893
375.19	0.418065	2.839034	0.747935	0.512448
375.81	0.416985	2.837835	0.746445	0.512008
376.44	0.416117	2.836831	0.744777	0.511828
377.06	0.415502	2.836061	0.742896	0.511961
377.69	0.414892	2.835292	0.741027	0.512097
378.31	0.413976	2.833878	0.739371	0.512134
378.94	0.413003	2.832332	0.737761	0.512153
379.56	0.412035	2.830785	0.736158	0.512175
380.19	0.411252	2.829635	0.734334	0.512211
380.81	0.410530	2.828612	0.732445	0.512250
381.44	0.409812	2.827590	0.730563	0.512290
382.06	0.409079	2.826540	0.728667	0.512326
382.69	0.408215	2.825293	0.726630	0.512339
383.31	0.407356	2.824045	0.724607	0.512349
383.93	0.406501	2.822798	0.722597	0.512358
384.56	0.405764	2.821472	0.720853	0.512270
385.18	0.405144	2.820064	0.719377	0.512088
385.81	0.404528	2.818654	0.717911	0.511908
386.43	0.403916	2.817243	0.716455	0.511731
387.06	0.403150	2.816102	0.714711	0.511262
387.68	0.402363	2.815003	0.712928	0.510755
388.31	0.401581	2.813904	0.711150	0.510254
388.93	0.400835	2.812849	0.709576	0.509899
389.56	0.400193	2.811934	0.708651	0.509997
390.18	0.399554	2.811017	0.707730	0.510097
390.81	0.398919	2.810096	0.706812	0.510200
391.43	0.398092	2.809033	0.705460	0.510229
392.06	0.397143	2.807877	0.703830	0.510211
392.68	0.396199	2.806719	0.702207	0.510196
393.31	0.395261	2.805560	0.700593	0.510185
393.93	0.394709	2.804277	0.699342	0.509673
394.56	0.394170	2.802990	0.698104	0.509152
395.18	0.393633	2.801702	0.696867	0.508634
395.81	0.393057	2.800578	0.695648	0.508335
396.43	0.392406	2.799763	0.694462	0.508441
397.06	0.391758	2.798945	0.693282	0.508546
397.68	0.391113	2.798124	0.692108	0.508649
398.31	0.390329	2.797140	0.690705	0.508383
398.93	0.389492	2.796090	0.689218	0.507976
399.56	0.388661	2.795038	0.687739	0.507571
400.18	0.387837	2.794012	0.686282	0.507194
400.80	0.387045	2.793289	0.684968	0.507080
401.43	0.386257	2.792563	0.683657	0.506972
402.05	0.385473	2.791834	0.682349	0.506870
402.68	0.384706	2.790980	0.681316	0.506678
403.30	0.383959	2.789977	0.680611	0.506375
403.93	0.383215	2.788971	0.679906	0.506077
404.55	0.382476	2.787962	0.679203	0.505784
405.18	0.381767	2.786977	0.678114	0.505415
405.80	0.381068	2.785995	0.676950	0.505033
406.43	0.380372	2.785011	0.675791	0.504656
407.05	0.379670	2.784032	0.674656	0.504254
407.68	0.378933	2.783082	0.673603	0.503737
408.30	0.378199	2.782129	0.672550	0.503224
408.93	0.377469	2.781175	0.671498	0.502715
409.55	0.376679	2.780134	0.670590	0.502357
410.18	0.375845	2.779024	0.669792	0.502113
410.80	0.375014	2.777912	0.668996	0.501868
411.43	0.374188	2.776797	0.668201	0.501624
412.05	0.373464	2.775226	0.667282	0.500893
412.68	0.372751	2.773625	0.666358	0.500133
413.30	0.372040	2.772024	0.665439	0.499377
413.93	0.371318	2.770697	0.664470	0.498776
414.55	0.370566	2.769988	0.663384	0.498521
415.18	0.369817	2.769277	0.662299	0.498273
415.80	0.369073	2.768564	0.661218	0.498032
416.43	0.368236	2.767468	0.660051	0.497524
417.05	0.367357	2.766189	0.658845	0.496891
417.67	0.366483	2.764910	0.657640	0.496265
418.30	0.365624	2.763645	0.656485	0.495658
418.92	0.365003	2.762653	0.656302	0.495351
419.55	0.364383	2.761661	0.656120	0.495049
420.17	0.363767	2.760669	0.655939	0.494752
420.80	0.363110	2.759450	0.655487	0.494341
421.42	0.362396	2.757913	0.654656	0.493768
422.05	0.361685	2.756378	0.653825	0.493201
422.67	0.360977	2.754845	0.652994	0.492639
423.30	0.360135	2.753879	0.651821	0.492348
423.92	0.359260	2.753067	0.650558	0.492132
424.55	0.358390	2.752257	0.649298	0.491919
425.17	0.357557	2.751374	0.648107	0.491651
425.80	0.356904	2.750100	0.647266	0.491081
426.42	0.356253	2.748827	0.646429	0.490513
427.05	0.355605	2.747556	0.645595	0.489947
427.67	0.354782	2.746291	0.644458	0.489366
428.30	0.353805	2.745033	0.643047	0.488777
428.92	0.352833	2.743777	0.641639	0.488194
429.55	0.351866	2.742523	0.640236	0.487619
430.17	0.351158	2.741297	0.639439	0.487166
430.80	0.350483	2.740077	0.638710	0.486733
431.42	0.349812	2.738861	0.637982	0.486306
432.05	0.349084	2.737710	0.637159	0.485867
432.67	0.348201	2.736727	0.636081	0.485387
433.30	0.347322	2.735748	0.635006	0.484911
433.92	0.346447	2.734770	0.633933	0.484440
434.54	0.345668	2.733682	0.632774	0.484016
435.17	0.344944	2.732532	0.631568	0.483621
435.79	0.344223	2.731386	0.630363	0.483231
436.42	0.343505	2.730245	0.629159	0.482845
437.04	0.342573	2.729270	0.627636	0.482533
437.67	0.341646	2.728298	0.626117	0.482223
438.29	0.340724	2.727330	0.624601	0.481915
438.92	0.339902	2.726155	0.623326	0.481638
439.54	0.339244	2.724637	0.622445	0.481411
440.17	0.338589	2.723123	0.621567	0.481185
440.79	0.337936	2.721614	0.620691	0.480961
441.42	0.337103	2.720493	0.619287	0.480311
442.04	0.336213	2.719506	0.617709	0.479522
442.67	0.335327	2.718522	0.616136	0.478739
443.29	0.334447	2.717527	0.614604	0.478000
443.92	0.333589	2.716422	0.613326	0.477553
444.54	0.332735	2.715321	0.612050	0.477110
445.17	0.331884	2.714223	0.610776	0.476673
445.79	0.331094	2.713412	0.609447	0.476262
446.42	0.330366	2.712902	0.608061	0.475879
447.04	0.329641	2.712396	0.606680	0.475500
447.67	0.328919	2.711893	0.605304	0.475125
448.29	0.328012	2.710616	0.603843	0.474575
448.92	0.327080	2.709214	0.602372	0.474000
449.54	0.326152	2.707815	0.600905	0.473429
450.16	0.325249	2.706470	0.599406	0.472911
450.79	0.324421	2.705296	0.597788	0.472563
451.41	0.323598	2.704126	0.596174	0.472216
452.04	0.322777	2.702958	0.594567	0.471870
452.66	0.321968	2.701841	0.593004	0.471531
453.29	0.321166	2.700759	0.591475	0.471198
453.91	0.320369	2.699680	0.589953	0.470866
454.54	0.319575	2.698604	0.588438	0.470534
455.16	0.318861	2.697584	0.587117	0.469852
455.79	0.318152	2.696569	0.585807	0.469163
456.41	0.317446	2.695558	0.584501	0.468477
457.04	0.316667	2.694463	0.583046	0.467758
457.66	0.315744	2.693200	0.581294	0.466968
458.29	0.314826	2.691939	0.579549	0.466183
458.91	0.313912	2.690681	0.577810	0.465404
459.54	0.313120	2.689320	0.576375	0.464613
460.16	0.312380	2.687920	0.575067	0.463820
460.79	0.311643	2.686522	0.573763	0.463029
461.41	0.310903	2.685136	0.572450	0.462238
462.04	0.310099	2.683845	0.570979	0.461386
462.66	0.309299	2.682557	0.569514	0.460539
463.29	0.308503	2.681272	0.568054	0.459696
463.91	0.307723	2.679901	0.566548	0.458790
464.54	0.306963	2.678426	0.564983	0.457805
465.16	0.306206	2.676952	0.563424	0.456824
465.79	0.305453	2.675481	0.561870	0.455845
466.41	0.304632	2.674032	0.560227	0.454779
467.03	0.303799	2.672590	0.558570	0.453694
467.66	0.302970	2.671149	0.556921	0.452611
468.28	0.302190	2.669657	0.555376	0.451505
468.91	0.301609	2.667939	0.554254	0.450300
469.53	0.301031	2.666224	0.553136	0.449100
470.16	0.300455	2.664511	0.552021	0.447905
470.78	0.299768	2.662749	0.550632	0.446558
471.41	0.298997	2.660949	0.549030	0.445092
472.03	0.298229	2.659152	0.547434	0.443633
472.66	0.297465	2.657358	0.545844	0.442181
473.28	0.296813	2.655297	0.544669	0.440712
473.91	0.296171	2.653218	0.543530	0.439245
474.53	0.295532	2.651141	0.542393	0.437782
475.16	0.294900	2.649189	0.541272	0.436352
475.78	0.294281	2.647532	0.540183	0.434993
476.41	0.293664	2.645875	0.539098	0.433639
477.03	0.293049	2.644220	0.538016	0.432288
477.66	0.292405	2.642509	0.536798	0.430995
478.28	0.291748	2.640771	0.535515	0.429733
478.91	0.291093	2.639034	0.534237	0.428475
479.53	0.290442	2.637280	0.532967	0.427216
480.16	0.289790	2.635047	0.531819	0.425842
480.78	0.289142	2.632817	0.530675	0.424470
481.41	0.288496	2.630588	0.529536	0.423101
482.03	0.287867	2.628404	0.528382	0.421636
482.66	0.287261	2.626286	0.527205	0.420032
483.28	0.286658	2.624170	0.526034	0.418433
483.90	0.286057	2.622056	0.524867	0.416839
484.53	0.285510	2.620048	0.523863	0.415299
485.15	0.284980	2.618071	0.522906	0.413779
485.78	0.284453	2.616096	0.521949	0.412267
486.40	0.283921	2.614061	0.520986	0.410729
487.03	0.283356	2.611675	0.519987	0.409009
487.65	0.282793	2.609291	0.518991	0.407295
488.28	0.282233	2.606908	0.517998	0.405586
488.90	0.281679	2.604576	0.517061	0.404046
489.53	0.281130	2.602291	0.516176	0.402665
490.15	0.280583	2.600009	0.515294	0.401287
490.78	0.280039	2.597729	0.514415	0.399912
491.40	0.279547	2.595689	0.513690	0.398283
492.03	0.279064	2.593681	0.512986	0.396625
492.65	0.278582	2.591674	0.512283	0.394972
493.28	0.278068	2.589570	0.511530	0.393361
493.90	0.277456	2.587182	0.510634	0.391859
494.53	0.276847	2.584795	0.509740	0.390361
495.15	0.276240	2.582410	0.508849	0.388865
495.78	0.275762	2.579813	0.508223	0.387389
496.40	0.275359	2.577094	0.507753	0.385926
497.03	0.274958	2.574379	0.507285	0.384466
497.65	0.274558	2.571667	0.506818	0.383009
498.28	0.274160	2.569292	0.506362	0.381551
498.90	0.273762	2.566919	0.505907	0.380099
499.53	0.273366	2.564549	0.505451	0.378653
500.15	0.272958	2.562203	0.504966	0.377185
500.77	0.272526	2.559894	0.504432	0.375675
501.40	0.272097	2.557587	0.503899	0.374169
502.02	0.271668	2.555283	0.503365	0.372668
502.65	0.271301	2.552749	0.502998	0.371165
503.27	0.270955	2.550136	0.502690	0.369664
503.90	0.270611	2.547526	0.502383	0.368166
504.52	0.270266	2.544885	0.502080	0.366688
505.15	0.269906	2.541972	0.501813	0.365355
505.77	0.269548	2.539062	0.501545	0.364026
506.40	0.269191	2.536154	0.501278	0.362700
507.02	0.268836	2.533390	0.501062	0.361379
507.65	0.268483	2.530782	0.500903	0.360064
508.27	0.268132	2.528176	0.500744	0.358750
508.90	0.267782	2.525573	0.500583	0.357439
509.52	0.267414	2.522971	0.500360	0.356182
510.15	0.267045	2.520372	0.500126	0.354936
510.77	0.266677	2.517775	0.499893	0.353692
511.40	0.266342	2.515145	0.499663	0.352406
512.02	0.266122	2.512392	0.499439	0.350967
512.65	0.265902	2.509642	0.499216	0.349533
513.27	0.265682	2.506895	0.498993	0.348102
513.90	0.265425	2.504186	0.498921	0.346922
514.52	0.265142	2.501506	0.498956	0.345915
515.15	0.264859	2.498826	0.498990	0.344910
515.77	0.264577	2.496148	0.499023	0.343906
516.40	0.264308	2.493387	0.498992	0.342931
517.02	0.264040	2.490624	0.498959	0.341957
517.64	0.263773	2.487862	0.498926	0.340984
518.27	0.263513	2.485113	0.498910	0.339980
518.89	0.263265	2.482391	0.498927	0.338914
519.52	0.263018	2.479671	0.498943	0.337850
520.14	0.262771	2.476953	0.498960	0.336787
520.77	0.262537	2.473896	0.498717	0.335803
521.39	0.262309	2.470693	0.498361	0.334853
522.02	0.262081	2.467492	0.498006	0.333904
522.64	0.261854	2.464322	0.497668	0.332960
523.27	0.261628	2.461575	0.497550	0.332096
523.89	0.261404	2.458827	0.497433	0.331232
524.52	0.261180	2.456079	0.497316	0.330367
525.14	0.260956	2.453331	0.497201	0.329501
525.77	0.260741	2.450456	0.497200	0.328692
526.39	0.260529	2.447552	0.497225	0.327896
527.02	0.260317	2.444648	0.497251	0.327101
527.64	0.260105	2.441744	0.497277	0.326306
528.27	0.259894	2.438839	0.497303	0.325512
528.89	0.259673	2.435967	0.497153	0.324551
529.52	0.259450	2.433101	0.496960	0.323547
530.14	0.259228	2.430235	0.496766	0.322544
530.77	0.259006	2.427368	0.496573	0.321541
531.39	0.258785	2.424501	0.496381	0.320540
532.02	0.258574	2.421709	0.496203	0.319788
532.64	0.258367	2.418937	0.496030	0.319108
533.27	0.258161	2.416163	0.495857	0.318428
533.89	0.257955	2.413386	0.495686	0.317746
534.51	0.257750	2.410607	0.495515	0.317064
535.14	0.257572	2.407948	0.495350	0.316508
535.76	0.257403	2.405326	0.495188	0.315992
536.39	0.257235	2.402699	0.495027	0.315474
537.01	0.257068	2.400070	0.494865	0.314953
537.64	0.256901	2.397436	0.494705	0.314430
538.26	0.256748	2.394768	0.494431	0.313916
538.89	0.256599	2.392085	0.494117	0.313406
539.51	0.256452	2.389398	0.493805	0.312893
540.14	0.256304	2.386707	0.493494	0.312379
540.76	0.256158	2.384011	0.493186	0.311864
541.39	0.255966	2.381595	0.492873	0.311573
542.01	0.255757	2.379286	0.492560	0.311372
542.64	0.255549	2.376971	0.492248	0.311168
543.26	0.255341	2.374649	0.491936	0.310963
543.89	0.255135	2.372320	0.491625	0.310755
544.51	0.254957	2.369934	0.491243	0.310412
545.14	0.254793	2.367518	0.490829	0.310006
545.76	0.254629	2.365096	0.490418	0.309597
546.39	0.254466	2.362666	0.490009	0.309186
547.01	0.254304	2.360231	0.489602	0.308772
547.64	0.254082	2.358014	0.489185	0.308545
548.26	0.253831	2.355901	0.488763	0.308408
548.89	0.253581	2.353780	0.488343	0.308269
549.51	0.253333	2.351651	0.487925	0.308126
550.14	0.253085	2.349514	0.487508	0.307979
550.76	0.252842	2.347268	0.486924	0.307798
551.38	0.252600	2.344959	0.486253	0.307597
552.01	0.252360	2.342642	0.485585	0.307392
552.63	0.252121	2.340316	0.484920	0.307184
553.26	0.251883	2.337981	0.484258	0.306972
553.88	0.251677	2.335897	0.483740	0.306738
554.51	0.251491	2.333959	0.483308	0.306489
555.13	0.251306	2.332011	0.482877	0.306238
555.76	0.251122	2.330053	0.482449	0.305985
556.38	0.250939	2.328086	0.482021	0.305731
557.01	0.250717	2.326148	0.481430	0.305532
557.63	0.250469	2.324224	0.480734	0.305368
558.26	0.250223	2.322289	0.480041	0.305200
558.88	0.249978	2.320344	0.479351	0.305030
559.51	0.249735	2.318387	0.478664	0.304856
560.13	0.249511	2.316433	0.477949	0.304652
560.76	0.249300	2.314479	0.477217	0.304427
561.38	0.249091	2.312513	0.476488	0.304199
562.01	0.248884	2.310537	0.475763	0.303968
562.63	0.248677	2.308550	0.475041	0.303733
563.26	0.248440	2.306591	0.474314	0.303526
563.88	0.248179	2.304649	0.473583	0.303339
564.51	0.247919	2.302696	0.472855	0.303148
565.13	0.247662	2.300733	0.472130	0.302955
565.76	0.247406	2.298758	0.471408	0.302758
566.38	0.247161	2.296930	0.470670	0.302572
567.00	0.246926	2.295224	0.469918	0.302396
567.63	0.246694	2.293507	0.469169	0.302219
568.25	0.246462	2.291778	0.468425	0.302040
568.88	0.246233	2.290038	0.467684	0.301858
569.50	0.246013	2.288355	0.466884	0.301699
570.13	0.245802	2.286722	0.466029	0.301559
570.75	0.245594	2.285076	0.465179	0.301416
571.38	0.245386	2.283418	0.464332	0.301272
572.00	0.245180	2.281747	0.463490	0.301125
572.63	0.244922	2.280124	0.462653	0.300889
573.25	0.244610	2.278550	0.461822	0.300562
573.88	0.244300	2.276963	0.460996	0.300232
574.50	0.243992	2.275365	0.460174	0.299900
575.13	0.243686	2.273755	0.459356	0.299565
575.75	0.243388	2.272172	0.458583	0.299230
576.38	0.243099	2.270619	0.457858	0.298896
577.00	0.242811	2.269054	0.457135	0.298561
577.63	0.242526	2.267476	0.456416	0.298224
578.25	0.242242	2.265887	0.455700	0.297885
578.88	0.241968	2.264328	0.454910	0.297549
579.50	0.241706	2.262806	0.454032	0.297215
580.13	0.241445	2.261273	0.453158	0.296879
580.75	0.241187	2.259728	0.452289	0.296543
581.38	0.240931	2.258171	0.451424	0.296204
582.00	0.240659	2.256667	0.450559	0.295821
582.63	0.240365	2.255233	0.449690	0.295379
583.25	0.240074	2.253786	0.448826	0.294936
583.87	0.239784	2.252326	0.447967	0.294493
584.50	0.239497	2.250853	0.447112	0.294049
585.12	0.239225	2.249396	0.446298	0.293619
585.75	0.238973	2.247968	0.445543	0.293211
586.37	0.238722	2.246529	0.444791	0.292801
587.00	0.238473	2.245079	0.444043	0.292389
587.62	0.238226	2.243616	0.443298	0.291975
588.25	0.237967	2.242091	0.442589	0.291523
588.87	0.237686	2.240472	0.441932	0.291012
589.50	0.237407	2.238842	0.441278	0.290500
590.12	0.237131	2.237198	0.440627	0.289987
590.75	0.236857	2.235543	0.439980	0.289472
591.37	0.236587	2.233962	0.439290	0.288927
592.00	0.236324	2.232516	0.438525	0.288335
592.62	0.236063	2.231058	0.437764	0.287742
593.25	0.235805	2.229589	0.437006	0.287148
593.87	0.235548	2.228107	0.436252	0.286554
594.50	0.235270	2.226680	0.435535	0.285997
595.12	0.234953	2.225365	0.434884	0.285510
595.75	0.234639	2.224037	0.434236	0.285022
596.37	0.234326	2.222696	0.433592	0.284535
597.00	0.234016	2.221342	0.432952	0.284047
597.62	0.233716	2.219962	0.432328	0.283549
598.25	0.233436	2.218545	0.431734	0.283030
598.87	0.233157	2.217115	0.431144	0.282511
599.50	0.232880	2.215673	0.430555	0.281990
600.12	0.232605	2.214219	0.429969	0.281469
600.74	0.232341	2.212799	0.429411	0.280939
601.37	0.232101	2.211470	0.428913	0.280391
601.99	0.231863	2.210128	0.428418	0.279842
602.62	0.231626	2.208772	0.427925	0.279291
603.24	0.231391	2.207402	0.427435	0.278738
603.87	0.231149	2.206044	0.426962	0.278185
604.49	0.230885	2.204735	0.426523	0.277634
605.12	0.230623	2.203415	0.426087	0.277084
605.74	0.230363	2.202082	0.425652	0.276533
606.37	0.230105	2.200737	0.425219	0.275982
606.99	0.229848	2.199398	0.424812	0.275450
607.62	0.229590	2.198098	0.424476	0.274968
608.24	0.229334	2.196785	0.424141	0.274486
608.87	0.229079	2.195458	0.423807	0.274002
609.49	0.228826	2.194118	0.423475	0.273518
610.12	0.228579	2.192749	0.423132	0.272977
610.74	0.228347	2.191319	0.422747	0.272260
611.37	0.228117	2.189878	0.422365	0.271544
611.99	0.227889	2.188424	0.421984	0.270827
612.62	0.227661	2.186958	0.421605	0.270111
613.24	0.227438	2.185585	0.421231	0.269440
613.87	0.227223	2.184570	0.420872	0.268927
614.49	0.227010	2.183541	0.420516	0.268413
615.12	0.226799	2.182499	0.420163	0.267898
615.74	0.226589	2.181444	0.419811	0.267382
616.37	0.226374	2.180293	0.419486	0.266815
616.99	0.226133	2.178804	0.419258	0.266045
617.61	0.225894	2.177303	0.419031	0.265276
618.24	0.225655	2.175791	0.418805	0.264508
618.86	0.225418	2.174268	0.418579	0.263739
619.49	0.225186	2.172760	0.418353	0.262993
620.11	0.224973	2.171365	0.418116	0.262347
620.74	0.224760	2.169956	0.417881	0.261700
621.36	0.224549	2.168535	0.417646	0.261054
621.99	0.224339	2.167101	0.417412	0.260407
622.61	0.224125	2.165638	0.417172	0.259725
623.24	0.223892	2.164074	0.416895	0.258849
623.86	0.223659	2.162499	0.416618	0.257973
624.49	0.223428	2.160913	0.416342	0.257098
625.11	0.223198	2.159315	0.416067	0.256223
625.74	0.222973	2.157742	0.415821	0.255412
626.36	0.222777	2.156394	0.415752	0.255008
626.99	0.222582	2.155033	0.415684	0.254602
627.61	0.222387	2.153661	0.415617	0.254195
628.24	0.222194	2.152276	0.415551	0.253788
628.86	0.222000	2.150867	0.415474	0.253358
629.49	0.221800	2.149345	0.415303	0.252768
630.11	0.221601	2.147811	0.415134	0.252177
630.74	0.221403	2.146265	0.414965	0.251585
631.36	0.221206	2.144707	0.414798	0.250992
631.99	0.221007	2.143161	0.414639	0.250389
632.61	0.220790	2.141835	0.414551	0.249692
633.24	0.220574	2.140498	0.414463	0.248996
633.86	0.220358	2.139149	0.414374	0.248300
634.48	0.220143	2.137788	0.414285	0.247605
635.11	0.219928	2.136405	0.414189	0.246923
635.73	0.219706	2.134880	0.414008	0.246426
636.36	0.219484	2.133342	0.413827	0.245928
636.98	0.219264	2.131791	0.413647	0.245428
637.61	0.219044	2.130229	0.413467	0.244927
638.23	0.218823	2.128659	0.413286	0.244424
638.86	0.218586	2.127148	0.413087	0.243885
639.48	0.218350	2.125625	0.412888	0.243346
640.11	0.218114	2.124091	0.412690	0.242807
640.73	0.217878	2.122546	0.412492	0.242266
641.36	0.217645	2.120993	0.412298	0.241723
641.98	0.217456	2.119546	0.412204	0.241104
642.61	0.217267	2.118087	0.412111	0.240484
643.23	0.217079	2.116615	0.412018	0.239863
643.86	0.216890	2.115132	0.411925	0.239242
644.48	0.216701	2.113637	0.411832	0.238619
645.11	0.216437	2.112153	0.411570	0.238025
645.73	0.216173	2.110657	0.411308	0.237429
646.36	0.215909	2.109149	0.411046	0.236834
646.98	0.215646	2.107628	0.410784	0.236238
647.61	0.215383	2.106096	0.410521	0.235641
648.23	0.215174	2.104347	0.410278	0.234939
648.86	0.214966	2.102583	0.410034	0.234234
649.48	0.214757	2.100809	0.409789	0.233529
650.11	0.214549	2.099024	0.409545	0.232822
650.73	0.214341	2.097227	0.409300	0.232114
651.35	0.214090	2.095663	0.408952	0.231459
651.98	0.213838	2.094095	0.408602	0.230806
652.60	0.213586	2.092516	0.408252	0.230153
653.23	0.213335	2.090926	0.407903	0.229499
653.85	0.213083	2.089324	0.407554	0.228844
654.48	0.212849	2.087532	0.407229	0.228033
655.10	0.212616	2.085717	0.406906	0.227212
655.73	0.212383	2.083891	0.406583	0.226391
656.35	0.212150	2.082054	0.406260	0.225570
656.98	0.211917	2.080205	0.405938	0.224748
657.60	0.211698	2.078533	0.405479	0.223929
658.23	0.211480	2.076864	0.405010	0.223109
658.85	0.211262	2.075183	0.404541	0.222289
659.48	0.211044	2.073489	0.404074	0.221469
660.10	0.210826	2.071784	0.403607	0.220648
660.73	0.210568	2.069811	0.403231	0.219603
661.35	0.210305	2.067800	0.402864	0.218534
661.98	0.210043	2.065777	0.402496	0.217466
662.60	0.209781	2.063744	0.402129	0.216398
663.23	0.209518	2.061700	0.401761	0.215331
663.85	0.209285	2.059662	0.401301	0.214122
664.48	0.209055	2.057614	0.400830	0.212894
665.10	0.208826	2.055555	0.400360	0.211668
665.73	0.208596	2.053484	0.399890	0.210442
666.35	0.208367	2.051401	0.399420	0.209218
666.97	0.208121	2.049388	0.398852	0.208076
667.60	0.207873	2.047376	0.398269	0.206948
668.22	0.207624	2.045353	0.397688	0.205821
668.85	0.207376	2.043317	0.397108	0.204696
669.47	0.207127	2.041269	0.396529	0.203571
670.10	0.206864	2.039270	0.395999	0.202240
670.72	0.206597	2.037270	0.395479	0.200870
671.35	0.206331	2.035259	0.394961	0.199501
671.97	0.206065	2.033235	0.394443	0.198133
672.60	0.205799	2.031199	0.393927	0.196767
673.22	0.205587	2.029090	0.393454	0.195314
673.85	0.205388	2.026957	0.392992	0.193843
674.47	0.205188	2.024811	0.392531	0.192374
675.10	0.204988	2.022653	0.392069	0.190906
675.72	0.204788	2.020482	0.391608	0.189440
676.35	0.204509	2.018378	0.391053	0.187915
676.97	0.204209	2.016281	0.390474	0.186378
677.60	0.203908	2.014170	0.389896	0.184842
678.22	0.203608	2.012047	0.389319	0.183308
678.85	0.203309	2.009910	0.388743	0.181776
679.47	0.203048	2.007792	0.388266	0.180212
680.10	0.202800	2.005670	0.387818	0.178640
680.72	0.202551	2.003534	0.387371	0.177070
681.35	0.202302	2.001385	0.386924	0.175502
681.97	0.202052	1.999223	0.386478	0.173936
682.60	0.201805	1.997055	0.385968	0.172269
683.22	0.201559	1.994876	0.385438	0.170569
683.84	0.201313	1.992683	0.384909	0.168872
684.47	0.201067	1.990477	0.384381	0.167177
685.09	0.200820	1.988256	0.383854	0.165485
685.72	0.200577	1.986027	0.383377	0.163780
686.34	0.200336	1.983785	0.382919	0.162072
686.97	0.200093	1.981528	0.382461	0.160366
687.59	0.199851	1.979256	0.382004	0.158662
688.22	0.199608	1.976971	0.381548	0.156960
688.84	0.199368	1.974661	0.381147	0.155251
689.47	0.199128	1.972334	0.380770	0.153541
690.09	0.198888	1.969993	0.380392	0.151834
690.72	0.198648	1.967639	0.380013	0.150130
691.34	0.198408	1.965270	0.379634	0.148429
691.97	0.198166	1.963106	0.379291	0.146730
692.59	0.197923	1.961026	0.378964	0.145034
693.22	0.197681	1.958930	0.378636	0.143340
693.84	0.197438	1.956819	0.378309	0.141648
694.47	0.197194	1.954692	0.377980	0.139958
695.09	0.196974	1.952374	0.377706	0.138226
695.72	0.196764	1.949954	0.377460	0.136474
696.34	0.196554	1.947518	0.377212	0.134723
696.97	0.196343	1.945067	0.376965	0.132974
697.59	0.196132	1.942601	0.376717	0.131227
698.22	0.195921	1.940245	0.376502	0.129526
698.84	0.195710	1.937940	0.376304	0.127850
699.47	0.195498	1.935620	0.376106	0.126174
700.09	0.195286	1.933284	0.375907	0.124500
700.71	0.195073	1.930932	0.375708	0.122825
701.34	0.194854	1.928567	0.375535	0.121174
701.96	0.194632	1.926187	0.375376	0.119538
702.59	0.194409	1.923793	0.375216	0.117903
703.21	0.194185	1.921383	0.375054	0.116270
703.84	0.193962	1.918958	0.374891	0.114639
704.46	0.193767	1.916644	0.374803	0.113081
705.09	0.193590	1.914398	0.374764	0.111571
705.71	0.193413	1.912135	0.374723	0.110060
706.34	0.193235	1.909857	0.374679	0.108551
706.96	0.193056	1.907562	0.374634	0.107041
707.59	0.192875	1.905092	0.374601	0.105499
708.21	0.192693	1.902493	0.374577	0.103932
708.84	0.192509	1.899879	0.374551	0.102365
709.46	0.192325	1.897249	0.374525	0.100798
710.09	0.192141	1.894605	0.374497	0.099230
710.71	0.191986	1.892175	0.374531	0.097800
711.34	0.191854	1.889909	0.374614	0.096478
711.96	0.191721	1.887627	0.374695	0.095154
712.59	0.191587	1.885329	0.374776	0.093828
713.21	0.191452	1.883016	0.374856	0.092501
713.84	0.191305	1.880721	0.374965	0.091193
714.46	0.191146	1.878441	0.375098	0.089903
715.09	0.190988	1.876145	0.375230	0.088611
715.71	0.190828	1.873833	0.375359	0.087319
716.34	0.190668	1.871506	0.375487	0.086025
716.96	0.190513	1.869168	0.375584	0.084810
717.58	0.190363	1.866821	0.375651	0.083667
718.21	0.190212	1.864459	0.375716	0.082523
718.83	0.190060	1.862081	0.375778	0.081376
719.46	0.189907	1.859687	0.375836	0.080227
720.08	0.189786	1.857264	0.375972	0.079182
720.71	0.189698	1.854809	0.376186	0.078239
721.33	0.189608	1.852337	0.376399	0.077291
721.96	0.189517	1.849850	0.376609	0.076338
722.58	0.189425	1.847346	0.376817	0.075379
723.21	0.189337	1.844935	0.377012	0.074450
723.83	0.189253	1.842627	0.377195	0.073553
724.46	0.189169	1.840303	0.377378	0.072651
725.08	0.189083	1.837963	0.377558	0.071743
725.71	0.188995	1.835607	0.377738	0.070831
726.33	0.188907	1.833236	0.377917	0.069914
726.96	0.188825	1.831000	0.378147	0.069185
727.58	0.188747	1.828850	0.378412	0.068581
728.21	0.188667	1.826682	0.378675	0.067970
728.83	0.188586	1.824496	0.378937	0.067353
729.46	0.188503	1.822292	0.379197	0.066729
730.08	0.188420	1.820071	0.379455	0.066098
730.71	0.188334	1.817831	0.379711	0.065461
731.33	0.188262	1.815590	0.379952	0.064876
731.96	0.188197	1.813340	0.380184	0.064314
732.58	0.188131	1.811073	0.380412	0.063744
733.21	0.188063	1.808789	0.380637	0.063166
733.83	0.187993	1.806488	0.380860	0.062581
734.45	0.187922	1.804171	0.381080	0.061987
735.08	0.187849	1.801837	0.381297	0.061386
735.70	0.187804	1.799577	0.381499	0.060977
736.33	0.187768	1.797337	0.381694	0.060640
736.95	0.187731	1.795077	0.381888	0.060293
737.58	0.187692	1.792797	0.382081	0.059935
738.20	0.187650	1.790499	0.382273	0.059566
738.83	0.187607	1.788181	0.382465	0.059187
739.45	0.187562	1.785845	0.382655	0.058797
740.08	0.187521	1.783669	0.382841	0.058494
740.70	0.187479	1.781532	0.383025	0.058212
741.33	0.187436	1.779376	0.383208	0.057921
741.95	0.187391	1.777202	0.383390	0.057620
742.58	0.187343	1.775009	0.383571	0.057309
743.20	0.187294	1.772798	0.383752	0.056989
743.83	0.187243	1.770568	0.383931	0.056659
744.45	0.187226	1.768540	0.384093	0.056551
745.08	0.187216	1.766541	0.384249	0.056485
745.70	0.187204	1.764522	0.384404	0.056406
746.33	0.187190	1.762481	0.384557	0.056316
746.95	0.187173	1.760419	0.384708	0.056213
747.58	0.187154	1.758337	0.384857	0.056099
748.20	0.187133	1.756234	0.385004	0.055972
748.83	0.187090	1.754211	0.385102	0.055951
749.45	0.187042	1.752184	0.385192	0.055935
750.08	0.186992	1.750136	0.385281	0.055906
750.70	0.186940	1.748069	0.385370	0.055864
751.32	0.186885	1.745983	0.385459	0.055809
751.95	0.186829	1.743878	0.385547	0.055741
752.57	0.186770	1.741754	0.385634	0.055660
753.20	0.186755	1.739790	0.385681	0.055526
753.82	0.186741	1.737821	0.385726	0.055376
754.45	0.186726	1.735830	0.385771	0.055215
755.07	0.186707	1.733817	0.385815	0.055042
755.70	0.186687	1.731783	0.385860	0.054857
756.32	0.186663	1.729728	0.385905	0.054661
756.95	0.186638	1.727653	0.385949	0.054454
757.57	0.186620	1.725619	0.385849	0.054349
758.20	0.186600	1.723567	0.385743	0.054237
758.82	0.186578	1.721495	0.385636	0.054113
759.45	0.186552	1.719403	0.385529	0.053978
760.07	0.186525	1.717291	0.385420	0.053832
760.70	0.186494	1.715159	0.385311	0.053675
761.32	0.186462	1.713014	0.385201	0.053503
761.95	0.186427	1.711033	0.385075	0.053164
762.57	0.186391	1.709031	0.384949	0.052815
763.20	0.186351	1.707010	0.384823	0.052454
763.82	0.186310	1.704967	0.384696	0.052082
764.45	0.186266	1.702905	0.384568	0.051700
765.07	0.186219	1.700823	0.384440	0.051306
765.70	0.186172	1.698737	0.384310	0.050904
766.32	0.186144	1.696810	0.384153	0.050527
766.94	0.186112	1.694863	0.383997	0.050140
767.57	0.186078	1.692898	0.383841	0.049743
768.19	0.186041	1.690913	0.383685	0.049335
768.82	0.186000	1.688909	0.383529	0.048918
769.44	0.185958	1.686887	0.383373	0.048490
770.07	0.185910	1.684875	0.383205	0.048041
770.69	0.185848	1.683028	0.382961	0.047508
771.32	0.185784	1.681161	0.382716	0.046966
771.94	0.185716	1.679276	0.382471	0.046417
772.57	0.185646	1.677371	0.382225	0.045859
773.19	0.185574	1.675448	0.381979	0.045294
773.82	0.185498	1.673505	0.381732	0.044721
774.44	0.185425	1.671556	0.381496	0.044113
775.07	0.185374	1.669640	0.381308	0.043379
775.69	0.185319	1.667705	0.381119	0.042636
776.32	0.185262	1.665751	0.380928	0.041884
776.94	0.185201	1.663779	0.380736	0.041123
777.57	0.185138	1.661788	0.380543	0.040354
778.19	0.185071	1.659779	0.380348	0.039576
778.82	0.185000	1.657791	0.380132	0.038771
779.44	0.184921	1.655907	0.379853	0.037903
780.07	0.184839	1.654005	0.379573	0.037027
780.69	0.184754	1.652085	0.379294	0.036145
781.32	0.184667	1.650148	0.379015	0.035256
781.94	0.184576	1.648194	0.378736	0.034360
782.57	0.184483	1.646222	0.378456	0.033457
783.19	0.184390	1.644277	0.378197	0.032515
783.81	0.184302	1.642417	0.377986	0.031491
784.44	0.184211	1.640541	0.377774	0.030463
785.06	0.184118	1.638650	0.377561	0.029429
785.69	0.184022	1.636743	0.377346	0.028392
786.31	0.183922	1.634820	0.377131	0.027349
786.94	0.183820	1.632883	0.376914	0.026302
787.56	0.183706	1.630986	0.376704	0.025212
788.19	0.183573	1.629178	0.376507	0.024047
788.81	0.183436	1.627356	0.376307	0.022878
789.44	0.183297	1.625520	0.376105	0.021704
790.06	0.183154	1.623669	0.375901	0.020526
790.69	0.183009	1.621804	0.375694	0.019344
791.31	0.182861	1.619926	0.375485	0.018158
791.94	0.182714	1.618081	0.375340	0.016919
792.56	0.182569	1.616295	0.375292	0.015603
793.19	0.182422	1.614496	0.375241	0.014282
793.81	0.182271	1.612684	0.375187	0.012957
794.44	0.182118	1.610859	0.375131	0.011627
795.06	0.181961	1.609021	0.375072	0.010293
795.69	0.181802	1.607170	0.375011	0.008954
796.31	0.181648	1.605361	0.374971	0.007597
796.94	0.181502	1.603606	0.374958	0.006221
797.56	0.181353	1.601840	0.374942	0.004843
798.19	0.181201	1.600064	0.374923	0.003462
798.81	0.181045	1.598276	0.374903	0.002079
799.44	0.180887	1.596479	0.374879	0.000694
800.06	0.180726	1.594670	0.374854	0.000693
800.68	0.180564	1.592862	0.374889	0.002130
801.31	0.180402	1.591055	0.374977	0.003612
801.93	0.180236	1.589239	0.375061	0.005097
802.56	0.180068	1.587414	0.375139	0.006583
803.18	0.179897	1.585579	0.375212	0.008070
803.81	0.179723	1.583736	0.375280	0.009559
804.43	0.179546	1.581883	0.375342	0.011049
805.06	0.179371	1.580053	0.375447	0.012433
805.68	0.179197	1.578239	0.375587	0.013739
806.31	0.179020	1.576416	0.375722	0.015049
806.93	0.178841	1.574586	0.375854	0.016364
807.56	0.178658	1.572748	0.375982	0.017684
808.18	0.178473	1.570902	0.376106	0.019009
808.81	0.178284	1.569049	0.376227	0.020338
809.43	0.178107	1.567222	0.376384	0.021740
810.06	0.177935	1.565409	0.376560	0.023185
810.68	0.177760	1.563591	0.376733	0.024633
811.31	0.177581	1.561768	0.376901	0.026082
811.93	0.177400	1.559939	0.377065	0.027533
812.56	0.177216	1.558105	0.377224	0.028985
813.18	0.177029	1.556265	0.377379	0.030439
813.81	0.176849	1.554428	0.377616	0.031873
814.43	0.176671	1.552592	0.377888	0.033300
815.06	0.176489	1.550751	0.378154	0.034731
815.68	0.176305	1.548907	0.378412	0.036165
816.31	0.176117	1.547059	0.378664	0.037602
816.93	0.175927	1.545207	0.378909	0.039043
817.55	0.175734	1.543351	0.379148	0.040487
818.18	0.175550	1.541591	0.379423	0.041799
818.80	0.175368	1.539866	0.379710	0.043067
819.43	0.175184	1.538138	0.379990	0.044340
820.05	0.174996	1.536408	0.380264	0.045619
820.68	0.174806	1.534676	0.380532	0.046903
821.30	0.174613	1.532941	0.380793	0.048193
821.93	0.174417	1.531204	0.381048	0.049488
822.55	0.174242	1.529420	0.381298	0.050768
823.18	0.174070	1.527625	0.381541	0.052048
823.80	0.173895	1.525828	0.381779	0.053334
824.43	0.173717	1.524031	0.382010	0.054625
825.05	0.173537	1.522234	0.382235	0.055921
825.68	0.173353	1.520436	0.382454	0.057222
826.30	0.173167	1.518637	0.382667	0.058528
826.93	0.173000	1.516831	0.382970	0.059724
827.55	0.172835	1.515024	0.383284	0.060903
828.18	0.172667	1.513217	0.383590	0.062088
828.80	0.172496	1.511411	0.383889	0.063280
829.43	0.172322	1.509606	0.384180	0.064478
830.05	0.172144	1.507801	0.384463	0.065681
830.68	0.171964	1.505997	0.384739	0.066891
831.30	0.171785	1.504278	0.385088	0.067998
831.93	0.171604	1.502572	0.385439	0.069102
832.55	0.171419	1.500869	0.385780	0.070214
833.18	0.171231	1.499169	0.386114	0.071336
833.80	0.171041	1.497471	0.386438	0.072466
834.42	0.170847	1.495777	0.386753	0.073604
835.05	0.170651	1.494084	0.387060	0.074752
835.67	0.170473	1.492350	0.387412	0.075678
836.30	0.170293	1.490615	0.387762	0.076602
836.92	0.170110	1.488883	0.388106	0.077534
837.55	0.169924	1.487154	0.388444	0.078476
838.17	0.169734	1.485427	0.388776	0.079427
838.80	0.169541	1.483703	0.389102	0.080387
839.42	0.169345	1.481981	0.389421	0.081356
840.05	0.169214	1.480324	0.389693	0.082336
840.67	0.169080	1.478673	0.389957	0.083326
841.30	0.168942	1.477027	0.390214	0.084324
841.92	0.168802	1.475386	0.390462	0.085332
842.55	0.168658	1.473750	0.390702	0.086350
843.17	0.168511	1.472119	0.390935	0.087376
843.80	0.168361	1.470490	0.391163	0.088397
844.42	0.168204	1.468787	0.391460	0.089194
845.05	0.168044	1.467092	0.391749	0.090002
845.67	0.167880	1.465405	0.392031	0.090822
846.30	0.167713	1.463724	0.392304	0.091654
846.92	0.167543	1.462051	0.392569	0.092498
847.55	0.167369	1.460385	0.392827	0.093352
848.17	0.167197	1.458727	0.393079	0.094197
848.80	0.167059	1.457085	0.393347	0.094875
849.42	0.166918	1.455450	0.393611	0.095565
850.05	0.166774	1.453823	0.393868	0.096267
850.67	0.166625	1.452203	0.394120	0.096982
851.29	0.166474	1.450590	0.394366	0.097708
851.92	0.166319	1.448985	0.394607	0.098447
852.54	0.166163	1.447376	0.394837	0.099177
853.17	0.166018	1.445720	0.395044	0.099819
853.79	0.165870	1.444072	0.395246	0.100473
854.42	0.165718	1.442434	0.395442	0.101139
855.04	0.165563	1.440803	0.395633	0.101818
855.67	0.165404	1.439182	0.395818	0.102508
856.29	0.165241	1.437569	0.395998	0.103211
856.92	0.165086	1.435926	0.396190	0.103917
857.54	0.164970	1.434155	0.396443	0.104608
858.17	0.164850	1.432394	0.396689	0.105313
858.79	0.164726	1.430642	0.396930	0.106032
859.42	0.164598	1.428898	0.397166	0.106766
860.04	0.164467	1.427164	0.397396	0.107513
860.67	0.164331	1.425439	0.397620	0.108274
861.29	0.164196	1.423723	0.397821	0.109020
861.92	0.164066	1.422021	0.397967	0.109700
862.54	0.163933	1.420330	0.398110	0.110395
863.17	0.163796	1.418648	0.398250	0.111106
863.79	0.163656	1.416977	0.398386	0.111830
864.42	0.163512	1.415316	0.398520	0.112570
865.04	0.163364	1.413665	0.398650	0.113324
865.67	0.163225	1.411942	0.398780	0.114068
866.29	0.163110	1.410056	0.398911	0.114777
866.91	0.162992	1.408178	0.399041	0.115502
867.54	0.162871	1.406309	0.399169	0.116243
868.16	0.162746	1.404448	0.399297	0.116999
868.79	0.162617	1.402595	0.399424	0.117770
869.41	0.162484	1.400751	0.399549	0.118556
870.04	0.162360	1.398910	0.399679	0.119333
870.66	0.162250	1.397072	0.399816	0.120086
871.29	0.162137	1.395241	0.399954	0.120857
871.91	0.162020	1.393418	0.400091	0.121648
872.54	0.161900	1.391603	0.400228	0.122456
873.16	0.161776	1.389797	0.400366	0.123282
873.79	0.161648	1.387999	0.400503	0.124126
874.41	0.161533	1.386138	0.400654	0.124940
875.04	0.161435	1.384191	0.400826	0.125711
875.66	0.161335	1.382251	0.401002	0.126504
876.29	0.161230	1.380318	0.401182	0.127319
876.91	0.161122	1.378392	0.401365	0.128156
877.54	0.161011	1.376472	0.401554	0.129012
878.16	0.160897	1.374561	0.401746	0.129889
878.79	0.160786	1.372549	0.401901	0.130723
879.41	0.160680	1.370429	0.402018	0.131515
880.04	0.160571	1.368314	0.402142	0.132332
880.66	0.160458	1.366205	0.402274	0.133174
881.29	0.160342	1.364102	0.402414	0.134039
881.91	0.160222	1.362005	0.402562	0.134927
882.54	0.160099	1.359914	0.402719	0.135837
883.16	0.159988	1.357839	0.402907	0.136689
883.78	0.159885	1.355776	0.403122	0.137504
884.41	0.159779	1.353715	0.403344	0.138349
885.03	0.159670	1.351659	0.403574	0.139222
885.66	0.159557	1.349606	0.403813	0.140123
886.28	0.159440	1.347558	0.404062	0.141050
886.91	0.159320	1.345514	0.404320	0.142002
887.53	0.159217	1.343313	0.404558	0.142906
888.16	0.159126	1.341004	0.404778	0.143793
888.78	0.159032	1.338697	0.405000	0.144714
889.41	0.158933	1.336393	0.405225	0.145668
890.03	0.158831	1.334090	0.405454	0.146656
890.66	0.158725	1.331791	0.405687	0.147676
891.28	0.158615	1.329494	0.405927	0.148729
891.91	0.158514	1.327205	0.406166	0.149633
892.53	0.158416	1.324918	0.406400	0.150475
893.16	0.158314	1.322632	0.406631	0.151353
893.78	0.158209	1.320344	0.406862	0.152269
894.41	0.158099	1.318057	0.407092	0.153220
895.03	0.157986	1.315769	0.407324	0.154208
895.66	0.157868	1.313482	0.407557	0.155232
896.28	0.157769	1.311096	0.407882	0.156253
896.91	0.157674	1.308666	0.408242	0.157292
897.53	0.157576	1.306233	0.408599	0.158365
898.16	0.157473	1.303799	0.408954	0.159471
898.78	0.157366	1.301364	0.409308	0.160611
899.41	0.157255	1.298927	0.409661	0.161784
900.03	0.157140	1.296488	0.410014	0.162990
900.65	0.157051	1.293993	0.410434	0.164021
901.28	0.156968	1.291476	0.410873	0.165016
901.90	0.156881	1.288955	0.411309	0.166041
902.53	0.156789	1.286430	0.411744	0.167096
903.15	0.156694	1.283902	0.412177	0.168180
903.78	0.156594	1.281370	0.412608	0.169293
904.40	0.156490	1.278834	0.413038	0.170436
905.03	0.156413	1.276385	0.413505	0.171437
905.65	0.156340	1.273953	0.413979	0.172425
906.28	0.156262	1.271516	0.414453	0.173437
906.90	0.156181	1.269073	0.414926	0.174474
907.53	0.156095	1.266626	0.415398	0.175536
908.15	0.156005	1.264174	0.415870	0.176623
908.78	0.155910	1.261717	0.416341	0.177734
909.40	0.155837	1.259097	0.416900	0.178848
910.03	0.155763	1.256447	0.417471	0.179980
910.65	0.155685	1.253792	0.418040	0.181134
911.28	0.155603	1.251131	0.418608	0.182309
911.90	0.155516	1.248465	0.419174	0.183507
912.53	0.155425	1.245794	0.419738	0.184726
913.15	0.155330	1.243118	0.420300	0.185967
913.78	0.155280	1.240485	0.421012	0.187040
914.40	0.155231	1.237850	0.421738	0.188117
915.03	0.155177	1.235209	0.422461	0.189214
915.65	0.155120	1.232561	0.423184	0.190331
916.28	0.155058	1.229908	0.423904	0.191468
916.90	0.154991	1.227248	0.424624	0.192625
917.52	0.154921	1.224583	0.425341	0.193802
918.15	0.154853	1.222029	0.426074	0.194781
918.77	0.154781	1.219472	0.426807	0.195773
919.40	0.154704	1.216908	0.427538	0.196784
920.02	0.154624	1.214338	0.428268	0.197813
920.65	0.154540	1.211762	0.428996	0.198861
921.27	0.154451	1.209179	0.429723	0.199928
921.90	0.154360	1.206588	0.430453	0.201009
922.52	0.154324	1.203905	0.431309	0.201934
923.15	0.154285	1.201216	0.432165	0.202875
923.77	0.154242	1.198520	0.433020	0.203834
924.40	0.154194	1.195817	0.433876	0.204810
925.02	0.154143	1.193108	0.434730	0.205802
925.65	0.154087	1.190393	0.435584	0.206811
926.27	0.154030	1.187684	0.436444	0.207825
926.90	0.153993	1.185094	0.437385	0.208726
927.52	0.153953	1.182498	0.438326	0.209643
928.15	0.153908	1.179896	0.439265	0.210576
928.77	0.153860	1.177288	0.440203	0.211525
929.40	0.153808	1.174675	0.441139	0.212489
930.02	0.153752	1.172055	0.442073	0.213470
930.65	0.153696	1.169444	0.443018	0.214432
931.27	0.153663	1.166920	0.444038	0.215195
931.90	0.153626	1.164392	0.445057	0.215974
932.52	0.153585	1.161860	0.446076	0.216767
933.15	0.153541	1.159322	0.447094	0.217576
933.77	0.153493	1.156780	0.448111	0.218400
934.39	0.153441	1.154234	0.449127	0.219239
935.02	0.153392	1.151690	0.450141	0.220057
935.64	0.153367	1.149169	0.451151	0.220733
936.27	0.153337	1.146644	0.452160	0.221424
936.89	0.153304	1.144115	0.453169	0.222129
937.52	0.153268	1.141582	0.454176	0.222848
938.14	0.153229	1.139045	0.455183	0.223580
938.77	0.153186	1.136504	0.456188	0.224327
939.39	0.153143	1.134004	0.457196	0.225025
940.02	0.153112	1.131640	0.458214	0.225541
940.64	0.153077	1.129272	0.459230	0.226071
941.27	0.153039	1.126900	0.460244	0.226615
941.89	0.152997	1.124524	0.461256	0.227173
942.52	0.152953	1.122144	0.462265	0.227745
943.14	0.152905	1.119760	0.463273	0.228331
943.77	0.152860	1.117437	0.464303	0.228874
944.39	0.152829	1.115261	0.465392	0.229298
945.02	0.152795	1.113082	0.466479	0.229736
945.64	0.152758	1.110900	0.467566	0.230188
946.27	0.152718	1.108714	0.468650	0.230653
946.89	0.152674	1.106526	0.469733	0.231132
947.52	0.152628	1.104334	0.470814	0.231625
948.14	0.152585	1.102121	0.471864	0.232065
948.77	0.152552	1.099870	0.472856	0.232394
949.39	0.152516	1.097617	0.473846	0.232737
950.01	0.152477	1.095362	0.474833	0.233093
950.64	0.152435	1.093105	0.475818	0.233462
951.26	0.152390	1.090845	0.476799	0.233844
951.89	0.152342	1.088583	0.477777	0.234240
952.51	0.152303	1.086432	0.478723	0.234585
953.14	0.152278	1.084444	0.479622	0.234851
953.76	0.152251	1.082453	0.480518	0.235130
954.39	0.152220	1.080461	0.481410	0.235422
955.01	0.152187	1.078466	0.482300	0.235727
955.64	0.152152	1.076470	0.483186	0.236046
956.26	0.152113	1.074473	0.484069	0.236377
956.89	0.152081	1.072550	0.484951	0.236657
957.51	0.152057	1.070717	0.485832	0.236873
958.14	0.152031	1.068882	0.486709	0.237102
958.76	0.152002	1.067048	0.487582	0.237343
959.39	0.151971	1.065212	0.488451	0.237597
960.01	0.151937	1.063376	0.489316	0.237863
960.64	0.151901	1.061540	0.490176	0.238141
961.26	0.151876	1.059668	0.491015	0.238351
961.89	0.151860	1.057761	0.491835	0.238498
962.51	0.151841	1.055854	0.492651	0.238658
963.14	0.151821	1.053947	0.493464	0.238830
963.76	0.151797	1.052040	0.494273	0.239015
964.39	0.151772	1.050132	0.495079	0.239213
965.01	0.151744	1.048224	0.495881	0.239424
965.64	0.151722	1.046384	0.496615	0.239610
966.26	0.151704	1.044596	0.497295	0.239781
966.88	0.151684	1.042809	0.497971	0.239964
967.51	0.151662	1.041022	0.498643	0.240159
968.13	0.151638	1.039236	0.499311	0.240366
968.76	0.151612	1.037451	0.499974	0.240584
969.38	0.151583	1.035666	0.500633	0.240815
970.01	0.151563	1.033975	0.501276	0.241060
970.63	0.151547	1.032343	0.501906	0.241318
971.26	0.151529	1.030711	0.502532	0.241588
971.88	0.151509	1.029080	0.503153	0.241870
972.51	0.151487	1.027451	0.503769	0.242164
973.13	0.151463	1.025822	0.504380	0.242469
973.76	0.151437	1.024195	0.504987	0.242786
974.38	0.151407	1.022666	0.505560	0.242989
975.01	0.151375	1.021186	0.506116	0.243143
975.63	0.151341	1.019707	0.506667	0.243309
976.26	0.151305	1.018230	0.507214	0.243487
976.88	0.151268	1.016754	0.507757	0.243677
977.51	0.151228	1.015280	0.508294	0.243878
978.13	0.151186	1.013807	0.508827	0.244091
978.76	0.151151	1.012177	0.509249	0.244323
979.38	0.151116	1.010489	0.509627	0.244568
980.01	0.151079	1.008804	0.509999	0.244825
980.63	0.151040	1.007120	0.510366	0.245092
981.26	0.150999	1.005438	0.510728	0.245371
981.88	0.150957	1.003758	0.511085	0.245660
982.51	0.150912	1.002081	0.511437	0.245961
983.13	0.150871	1.000593	0.511884	0.246206
983.75	0.150830	0.999159	0.512353	0.246443
984.38	0.150787	0.997727	0.512817	0.246691
985.00	0.150743	0.996298	0.513276	0.246949
985.63	0.150696	0.994872	0.513731	0.247218
986.25	0.150648	0.993448	0.514180	0.247498
986.88	0.150598	0.992026	0.514624	0.247788
987.50	0.150552	0.990452	0.515002	0.248107
988.13	0.150505	0.988851	0.515362	0.248440
988.75	0.150456	0.987252	0.515718	0.248784
989.38	0.150405	0.985656	0.516068	0.249138
990.00	0.150352	0.984063	0.516412	0.249503
990.63	0.150298	0.982473	0.516752	0.249878
991.25	0.150242	0.980885	0.517085	0.250263
991.88	0.150185	0.979415	0.517504	0.250664
992.50	0.150126	0.977962	0.517930	0.251074
993.13	0.150066	0.976513	0.518350	0.251495
993.75	0.150004	0.975067	0.518766	0.251925
994.38	0.149940	0.973624	0.519176	0.252366
995.00	0.149874	0.972185	0.519582	0.252816
995.63	0.149807	0.970749	0.519983	0.253275
996.25	0.149739	0.969168	0.520455	0.253769
996.88	0.149669	0.967582	0.520924	0.254274
997.50	0.149598	0.966000	0.521388	0.254788
998.13	0.149525	0.964422	0.521846	0.255311
998.75	0.149450	0.962848	0.522297	0.255843
999.38	0.149373	0.961278	0.522743	0.256385
1000.00	0.149294	0.959712	0.523183	0.256936
